Date,Close/Last,Volume,Open,High,Low,Day 
02/24/2020,95.91,8364218,95.54,97.07,95.25,339
02/25/2020,92.9,9602121,96.35,96.76,92.62,289
02/26/2020,92,9308916,93.08,94.65,91.99,279
02/27/2020,88.55,12825660,90,93.06,88.5,225
02/28/2020,89.38,16565660,86.03,89.47,85.15,191
03/02/2020,92.68,14102050,89.6,93.14,87.91,221
03/03/2020,90.93,14767610,92.74,94.98,90.57,252
03/04/2020,93.79,6904443,92.08,93.82,90.84,258
03/05/2020,90.58,8851096,91.26,91.68,89.94,245
03/06/2020,88.36,12336710,88.36,89.39,85.88,196
03/09/2020,84.11,13272740,81.89,86.74,80.92,146
03/10/2020,88.3,12755880,86.69,88.4,82.88,170
03/11/2020,84,16172670,84,84.625,82.07,161
03/12/2020,74.2,21534810,78.23,78.49,73,44
03/13/2020,75.58,21859580,78.2,78.2,71.76,28
03/16/2020,66.79,17976680,65.28,72.97,63.37,3
03/17/2020,69.84,17122100,67.51,73.3299,62.4,2
03/18/2020,68.04,19498810,64.79,68.33,60,0
03/19/2020,70.34,16177150,67.04,72.71,64.15,5
03/20/2020,67.45,15761860,71.51,74.06,67.2,6
03/23/2020,62.8,17690000,65,66.88,60.58,1
03/24/2020,72.33,18849460,65.7,72.66,64,4
03/25/2020,79.01,27053250,80.11,83.4899,76.2,90
03/26/2020,84.3,17204690,80.17,86.86,80.01,138
03/27/2020,83.23,14183380,81.7,85.74,79.51,133
03/30/2020,85.38,10960130,84,85.96,81.5,154
03/31/2020,82.74,9618581,85.13,85.73,82.4,164
04/01/2020,79.23,9771306,79.49,81.18,78.53,127
04/02/2020,80.14,12731460,79,81.6,77.16,109
04/03/2020,78.86,8476870,79.36,79.79,77.905,120
04/06/2020,84.63,11266500,81.91,85.04,81.21,151
04/07/2020,84.16,10468060,88.7,88.87,84.03,180
04/08/2020,85.3,6642735,84.7,85.77,83.61,178
04/09/2020,86.79,7773978,86.69,87.3896,85.16,192
04/13/2020,84.46,5077961,85.8,85.99,84.14,182
04/14/2020,87.47,6397244,85.95,87.77,85.48,194
04/15/2020,85.04,8053875,84.87,85.875,83.71,179
04/16/2020,86.3,9373831,85.43,86.53,84.55,184
04/17/2020,89.91,8111384,89,90.25,88.36,223
04/20/2020,87.9,7244372,88.43,89.44,87.52,214
04/21/2020,85.2,6596992,85.99,86.9,85.09,190
04/22/2020,88.77,6463929,86.98,89.44,86.42,200
04/23/2020,87.35,5343535,88.94,89.53,87.26,209
04/24/2020,88.37,4450191,88.89,89.12,87.645,215
04/27/2020,89.37,6875240,88.38,89.87,87.31,211
04/28/2020,88.8,5145355,90.55,90.71,88.63,226
04/29/2020,88.07,9461406,90,91.39,87.83,219
04/30/2020,87.18,9371430,87,88,86.505,201
05/01/2020,85.54,6151242,85.67,86.105,84.81,186
05/04/2020,85.75,6349037,84.68,85.8,84.31,183
05/05/2020,87.2,6321466,86.54,88.525,86.03,197
05/06/2020,88.44,7342304,88.05,88.69,87.43,212
05/07/2020,88.56,4566317,89.4,90.24,88.375,224
05/08/2020,90.46,5489391,90.11,90.64,89.5874,239
05/11/2020,90.93,4937550,89.45,91.42,89.14,235
05/12/2020,88.26,5622578,91.53,91.67,88.15,222
05/13/2020,86.02,6739827,87.38,87.74,85.2,193
05/14/2020,86.55,7431774,85,86.58,84.11,181
05/15/2020,86.99,9164990,85.25,87.23,84.88,187
05/18/2020,91.04,8519615,90.49,91.6,89.88,244
05/19/2020,91.51,6514141,90.85,93.82,90.82,255
05/20/2020,92.95,6346990,93.2,93.86,92.7,292
05/21/2020,94.26,7504258,92.88,94.38,92.37,283
05/22/2020,93.75,4049578,94.42,94.65,93.35,302
05/26/2020,96.62,7185192,95.98,97.43,95.28,342
05/27/2020,99.87,7915885,98.12,99.99,97.62,384
05/28/2020,98.46,7262328,100.09,100.69,98.25,402
05/29/2020,98.58,10333350,98.19,99.25,96.93,374
06/01/2020,99.54,4299739,98.4,99.78,97.89,395
06/02/2020,100.74,10798730,99.42,100.88,98.82,407
06/03/2020,104.11,5867680,101.26,104.55,101.12,448
06/04/2020,101.28,8775038,103.66,103.9033,100.47,441
06/05/2020,102.71,8363601,104,104.69,102.125,470
06/08/2020,104.29,6165363,103.05,104.3,102.71,482
06/09/2020,102.63,5385911,102.82,103.77,102.43,476
06/10/2020,102.12,5194156,103,103.15,101.7127,462
06/11/2020,95.17,10976920,98.38,98.99,94.88,334
06/12/2020,96.43,7416393,97.8,97.8,94.7401,333
06/15/2020,97.84,8647885,93.9,98.08,93.44,306
06/16/2020,99.04,6056391,101.25,101.34,97.72,389
06/17/2020,99.21,3405545,99,100.24,98.89,409
06/18/2020,98.45,4392371,98.69,99.42,97.85,394
06/19/2020,95.78,10302900,99.97,99.98,95.78,352
06/22/2020,99.51,6918184,96.85,99.54,96.0162,356
06/23/2020,101.92,6498975,101.15,102.22,100.71,444
06/24/2020,100.08,8611585,100.94,101.85,98.09,401
06/25/2020,101.4,11531400,99.23,101.68,98.8,406
06/26/2020,93.67,24918520,98.5,98.78,93.57,309
06/29/2020,95.87,9624172,93.7,96,93.7,313
06/30/2020,98.05,9065532,96,98.3,95.64,348
07/01/2020,97.4,5733768,98.5,98.7152,97.11,379
07/02/2020,98.43,5355296,98.78,99.66,98.02,400
07/06/2020,99.95,4995015,99.62,100.03,99.04,414
07/07/2020,97.07,6352887,99.22,99.55,96.92,373
07/08/2020,98.84,5634590,97.5,98.98,96.96,375
07/09/2020,96.99,6282261,98.55,98.91,96.37,366
07/10/2020,97.99,3967111,97,98.05,95.72,351
07/13/2020,96.46,4845621,98.25,98.94,96.26,363
07/14/2020,96.76,4850623,96.33,97.25,95.51,346
07/15/2020,98.54,5343651,98.41,99.04,97.31,382
07/16/2020,97.26,3595025,97.5,98.23,97.04,376
07/17/2020,96.28,7406714,96.95,97.23,96.04,357
07/20/2020,95.65,5822281,95.5,96.35,95.11,337
07/21/2020,98.36,5857099,96.92,99,96.1,358
07/22/2020,98.91,4097303,98.16,98.99,97.91,396
07/23/2020,98.3,4530464,98.35,100.18,97.72,388
07/24/2020,98.43,5638435,98.14,99.36,97.7007,387
07/27/2020,97.21,4273442,96.96,98.4,96.89,372
07/28/2020,96.27,3822584,96.95,97.47,96.16,360
07/29/2020,96.97,6872745,96.43,97.55,96.295,364
07/30/2020,96.82,4018367,96.47,97.23,95.7965,353
07/31/2020,97.61,5510394,96.89,97.65,96.3,365
08/03/2020,98.33,5474074,98.03,99.29,97.82,392
08/04/2020,97.33,7539319,97.79,97.95,96.55,368
08/05/2020,100.94,7227111,97.12,101.25,97.08,378
08/06/2020,100.45,4061160,100.64,101.18,100.03,431
08/07/2020,101.86,5545605,101,101.91,99.89,428
08/10/2020,105.41,12677960,102.47,106.83,102.4,475
08/11/2020,105.12,5400716,106.85,107.3299,104.86,533
08/12/2020,105.22,4715042,105.72,105.89,103.38,494
08/13/2020,106.52,4281727,105.3,106.99,105.2,547
08/14/2020,106.43,2985847,106.12,106.78,105.46,557
08/17/2020,105.66,3017135,106.5,106.5,105.115,540
08/18/2020,106.97,5023006,106.46,107,105.47,558
08/19/2020,108.39,9508077,107.69,109.69,107.35,604
08/20/2020,108.01,4304290,107.56,108.74,107.35,603
08/21/2020,109.75,5563994,108,109.77,107.75,621
08/24/2020,111.83,8173259,110,112,109.9,665
08/25/2020,111.51,4380921,112,112.28,111.09,681
08/26/2020,111.53,4477854,111.92,112.09,111.29,685
08/27/2020,110.84,4391019,111.99,112.79,110.5,675
08/28/2020,112.29,3731407,111.01,112.67,110.57,677
08/31/2020,111.89,3519833,112.14,112.52,111.14,682
09/01/2020,114.84,4913969,112,114.9,111.83,692
09/02/2020,116.8,6775355,115.06,117.41,114.5,721
09/03/2020,112.85,7264372,116.8,116.9,112,694
09/04/2020,112.4,5157736,112.96,113.75,110.21,673
09/08/2020,112.72,5300108,111.29,113.84,110.54,676
09/09/2020,114.9,5997890,113.02,116.21,112.83,701
09/10/2020,114.79,5033067,115.9,118.227,113.9975,713
09/11/2020,118,8565234,116.76,119.25,116.42,739
09/14/2020,119.28,4990315,118.5,119.93,118.17,760
09/15/2020,119.27,5934181,119.7,120.48,119.18,773
09/16/2020,118.59,7027588,118.31,119.69,118.16,759
09/17/2020,116.36,7376390,117.34,118.55,115.8,733
09/18/2020,114.66,12876570,115.43,117.91,114.49,720
09/21/2020,113.37,8486367,112.95,114.06,111.74,691
09/22/2020,116.87,13007210,113.1,117.2,112.85,702
09/23/2020,127.11,37822650,130.22,130.38,125.26,865
09/24/2020,124.75,13485770,126.44,127.54,123.3,828
09/25/2020,124.23,9182784,123.65,124.75,122.27,816
09/28/2020,124.32,7524978,125.16,126.19,123.885,837
09/29/2020,126.35,7799668,124.34,127.1,123.96,838
09/30/2020,125.54,8699679,126.1,127.28,125.1647,861
10/01/2020,126.64,5637175,127.73,127.73,125.31,866
10/02/2020,126.64,7491067,124.35,126.8,123.59,830
10/05/2020,127.91,8270269,127.07,128.5,126.45,882
10/06/2020,127.65,5978001,128.84,130.44,127.2654,897
10/07/2020,130.06,4390483,128.4,130.41,128.25,909
10/08/2020,129.71,3595578,130.4,130.9289,129.51,926
10/09/2020,130.98,4293374,129.99,131.19,129.3254,925
10/12/2020,129.46,5136511,131.19,131.34,129.26,923
10/13/2020,129.2,4245130,128.05,129.87,127.96,907
10/14/2020,127.66,3587295,129.53,129.6,127.01,893
10/15/2020,129,4236054,126.48,129.0999,126.11,876
10/16/2020,128,6011173,129.51,130.19,127.55,900
10/19/2020,127.43,5160899,129.1,129.78,127.05,894
10/20/2020,128.49,3800038,128,129.9,127.72,901
10/21/2020,129.43,4916342,128.5,131.38,128.45,911
10/22/2020,130.02,2870984,129.6,130.26,128.8601,919
10/23/2020,129.99,4046580,130,130.6,128.65,915
10/26/2020,128.37,5422455,129.06,129.62,126.68,888
10/27/2020,127.99,2985686,128.78,129.49,127.9,906
10/28/2020,122.08,8618312,125.28,126.4,121.04,802
10/29/2020,122.86,4947049,122.28,124.19,121.15,805
10/30/2020,120.08,7792405,123.66,123.66,118.8,769
11/02/2020,122.39,4740373,122.37,124.1,121.1,804
11/03/2020,124.59,3490891,124.01,125.5,123.19,824
11/04/2020,127.34,5061798,125.33,128.93,125.26,864
11/05/2020,129.7,3940003,129.19,130.41,128.46,912
11/06/2020,128.9,2954049,129.91,129.91,128.3477,910
11/09/2020,128.95,7491728,135.06,136.35,128.7652,918
11/10/2020,127.71,8014744,130.05,130.115,126.25,879
11/11/2020,127.66,6058668,128.69,129.7985,127.18,896
11/12/2020,126.64,4797416,126.62,127.8386,125.625,869
11/13/2020,128.28,3986719,127.91,128.6,126.83,891
11/16/2020,130.11,6116435,129.46,130.32,127.37,898
11/17/2020,132.21,7002945,130.48,132.6,129.11,921
11/18/2020,131.63,5573008,133.07,133.98,131.53,951
11/19/2020,131.91,4642765,131.92,132.11,129.93,930
11/20/2020,132.98,4320046,133.3,133.53,131.91,955
11/23/2020,134.13,6119342,134.38,134.89,133.09,985
11/24/2020,134.7,7205789,135,135.99,134.21,1003
11/25/2020,135.54,4484836,134.25,135.7999,133.62,997
11/27/2020,134.25,3506832,136,136.13,133.34,988
11/30/2020,134.7,9652509,133.91,135.29,132.69,976
12/01/2020,135.44,3834460,136.44,136.5,134.75,1012
12/02/2020,135.58,4132965,135.16,136.32,134.67,1008
12/03/2020,136.96,4930860,135.1,137.95,135,1015
12/04/2020,137.19,4344036,137.08,137.4,135.64,1025
12/07/2020,138.75,4590776,137,138.86,136.8,1041
12/08/2020,139.12,6953582,138.24,140.4373,137.65,1048
12/09/2020,138.79,4341305,140.57,140.57,138.27,1050
12/10/2020,137.58,4511003,138.28,139.14,137.24,1044
12/11/2020,137.41,4172439,137.39,138.14,136.23,1033
12/14/2020,136.28,7598952,138.92,139,136.2,1032
12/15/2020,139.39,7642595,137.43,139.44,137.2491,1045
12/16/2020,138.34,6573449,139.07,140.49,137.46,1046
12/17/2020,140.5,8726997,139.92,140.74,138.75,1056
12/18/2020,137.28,17970790,141.09,141.14,137.17,1043
12/21/2020,144.02,16111270,144.82,147.95,142.51,1089
12/22/2020,142.45,6341604,143.05,143.47,141.09,1075
12/23/2020,141.76,3388279,142.56,143.6,141.7,1082
12/24/2020,141.6,1821900,141.1,142.19,141.1,1076
12/28/2020,142.43,4081534,142.54,142.92,141.0438,1074
12/29/2020,141.57,3232430,142.83,143.06,140.43,1067
12/30/2020,141.58,3052122,142.16,142.61,140.66,1069
12/31/2020,141.47,2949915,141.7,141.79,140.37,1066
01/04/2021,140.1,6178517,142.85,142.97,138.32,1051
01/05/2021,141.23,4163149,138.6,141.66,138.6,1055
01/06/2021,142.35,6072939,141.25,143.5699,139.53,1059
01/07/2021,144.95,5256940,143.2,145.64,143,1096
01/08/2021,146.35,3950741,145.55,146.82,144.9001,1109
01/11/2021,147.05,4254143,146,147.1,144.8006,1108
01/12/2021,145.05,3678834,146.5,146.85,144.38,1105
01/13/2021,143.04,3330127,144.83,145.1265,142.43,1087
01/14/2021,141.3,4104024,143.66,144.9,140.93,1072
01/15/2021,140.72,6412351,140.56,142.38,139.88,1063
01/19/2021,139.27,6537800,140.99,141.2166,138.41,1052
01/20/2021,142.8,4654404,140.38,143.21,140.01,1064
01/21/2021,141.61,4013667,142.41,143.813,141.125,1077
01/22/2021,139.35,4150453,141.09,141.88,139.31,1058
01/25/2021,137.55,5998739,138.99,139.18,134.74,1011
01/26/2021,135.1,5312341,137.76,137.845,134.7138,1009
01/27/2021,131.02,7815862,132.22,132.86,130.2668,935
01/28/2021,134.72,6244598,132.36,136.37,131.5,950
01/29/2021,133.59,7166051,133.95,135.025,132.15,963
02/01/2021,135.71,4366833,135.37,136.05,133.3,987
02/02/2021,139.59,7132823,137.06,139.86,136.75,1040
02/03/2021,138.63,4678553,139.7,140.06,138.01,1049
02/04/2021,140.63,4533707,139.55,141.05,138.92,1057
02/05/2021,145.11,6151478,141.34,145.5717,141.29,1079
02/08/2021,143.41,6304300,145.15,145.88,142.8,1094
02/09/2021,141.79,3436347,143.6,144.22,141.7,1083
02/10/2021,142.46,4125714,142.45,142.6,140.9,1071
02/11/2021,143.54,3828731,143,144.35,142.41,1086
02/12/2021,142.12,3636966,143.11,143.45,141.4,1080
02/16/2021,141.71,4873364,143.37,143.37,141.03,1073
02/17/2021,143.99,6438432,141.3,144.56,140.21,1065
02/18/2021,145.09,4487139,142.98,145.39,141.21,1078
02/19/2021,142.02,7485950,145.43,145.5,141.5,1081
02/22/2021,136.67,8985889,141.54,142.46,136.26,1034
02/23/2021,136.13,10364140,136.03,136.83,131.58,952
02/24/2021,135.65,6360911,135.06,135.96,133.95,1000
02/25/2021,135.54,5674302,137.6,139.18,134.53,1007
02/26/2021,134.78,6650210,135.9,136.85,133.36,990
03/01/2021,137.65,5717793,135.64,139.15,135.5,1022
03/02/2021,137.02,5292900,137.56,138.255,135.61,1024
03/03/2021,134.26,4888379,137.09,137.41,134.15,1002
03/04/2021,132.04,7181486,134,135.13,130.18,933
03/05/2021,133.35,5957148,133.54,133.68,129.1878,922
03/08/2021,134.56,4983035,133.64,135.63,132.37,969
03/09/2021,135.95,5977764,135.51,138,135.45,1020
03/10/2021,137.59,4519576,136.5,138.2,136.1,1029
03/11/2021,141.19,5696538,139.18,142.2,138.56,1053
03/12/2021,140.45,4143150,140,140.91,138.6,1054
03/15/2021,144.94,5417218,140.7,145,140.6664,1070
03/16/2021,144.65,5622963,145.88,146.15,143.8449,1100
03/17/2021,144.82,5134378,143.2,146.15,143.2,1097
03/18/2021,143.17,10279420,144.37,146.66,142.55,1091
03/19/2021,137.49,24980360,140,142.86,135.51,1023
03/22/2021,138.27,7537298,137.63,138.81,136.03,1027
03/23/2021,137.12,5582625,138.49,140.64,136.55,1039
03/24/2021,133.16,8157637,136.45,137.92,132.88,982
03/25/2021,128.64,18475800,127.05,129.39,125.44,867
03/26/2021,132.99,10010470,131.6,133.185,129.77,928
03/29/2021,133.49,7153914,132.94,133.91,130.66,940
03/30/2021,132.95,6026601,132.345,133.35,131.22,946
03/31/2021,132.89,6878936,133.09,134.18,131.92,956
04/01/2021,132.53,5720557,134.69,134.69,132.21,966
04/05/2021,135.12,5508931,133.1,135.68,133.1,986
04/06/2021,137.16,4670099,135.44,137.71,134.93,1013
04/07/2021,136.54,6646002,136.99,138.24,136.36,1036
04/08/2021,133.68,8748392,137.28,137.31,133.405,992
04/09/2021,135.45,6056769,133.94,135.5,133.5,995
04/12/2021,136.64,5638234,134.75,136.9,134.22,1005
04/13/2021,133.54,8778164,135.6,135.99,133.4,991
04/14/2021,132.26,7354084,133.54,134.18,131.82,954
04/15/2021,133.67,6285030,133,134.07,132.68,975
04/16/2021,134.31,6852498,134.71,134.77,133.73,998
04/19/2021,132.57,5613592,134.3,134.38,132.15,962
04/20/2021,127.11,13268680,129.17,129.9,125.7,870
04/21/2021,129.9,7110855,127.59,130.33,127.37,899
04/22/2021,129.18,6442917,129.89,130.37,127.98,908
04/23/2021,130.19,7489517,128.93,130.65,128.4604,913
04/26/2021,131.6,8217807,130.49,131.7,129.32,924
04/27/2021,132.11,5833092,132,132.79,131.41,948
04/28/2021,130.71,8195648,132.26,132.33,130.345,937
04/29/2021,133.26,6612461,131.77,134.12,131.23,947
04/30/2021,132.62,5643809,132.44,133.88,132.05,960
05/03/2021,133.03,5052987,133.37,134.45,132.59,974
05/04/2021,131.55,6129539,132.23,132.59,130.475,938
05/05/2021,132.21,4218037,132.7,134.215,132.08,961
05/06/2021,133.49,5200987,132.6,133.84,131.94,957
05/07/2021,137.81,10566670,135,139.36,134.72,1010
05/10/2021,136.4,5669327,138,138.9,136.3,1035
05/11/2021,137.12,8045369,138.38,138.38,135.01,1016
05/12/2021,133.39,5865117,135.42,136.82,133.34,989
05/13/2021,133.61,6284732,133.7,135.03,132.49,972
05/14/2021,135.93,4367939,134.34,136.68,134.05,1001
05/17/2021,136.41,3933093,136.33,137.07,135.5,1021
05/18/2021,135.56,5664910,136.44,137.47,135.45,1019
05/19/2021,132.96,5582288,133.48,133.97,131.96,958
05/20/2021,133.27,4934804,133.78,134.21,132.19,965
05/21/2021,132.66,5329741,133.83,134.17,132.41,971
05/24/2021,134.06,4313241,133.1,134.35,132.81,980
05/25/2021,134.32,4885772,134.94,135.17,133.85,999
05/26/2021,136.89,6781520,135.2,137.92,135,1014
05/27/2021,136.56,12882610,137.55,138.31,136.46,1037
05/28/2021,136.46,4154634,136.24,137.355,136.09,1028
06/01/2021,134.51,5577919,137.85,138.05,134.21,1004
06/02/2021,134.17,5226155,134.59,135.49,133.53,996
06/03/2021,134.17,5027442,133.2,134.69,132.51,973
06/04/2021,133.74,5217054,134.5,134.9399,132.28,968
06/07/2021,133.95,3764986,134,135.2036,133.445,993
06/08/2021,133.35,4915234,134.69,134.72,132.4096,970
06/09/2021,131.84,6448442,133.62,134.9,131.45,949
06/10/2021,130.98,6584125,131.5,132.57,130.19,934
06/11/2021,131.94,5414527,131.5,131.99,130.53,939
06/14/2021,131.36,5743631,131.7,132.05,130.125,931
06/15/2021,130.29,5168054,131.54,131.75,129.83,929
06/16/2021,130.4,7915479,130.3,131.172,129.6,927
06/17/2021,128.92,8568107,129.24,129.88,127.86,903
06/18/2021,128.41,9784780,126.68,129.03,126.68,887
06/21/2021,130.08,6288511,129.24,130.765,128.7,916
06/22/2021,132.48,6043753,130.83,132.69,130.13,932
06/23/2021,133.1,4565993,132.81,133.7,132.214,967
06/24/2021,133.6,11420510,133.9,134.815,132.9,983
06/25/2021,154.35,46285440,152.41,154.59,150.48,1130
06/28/2021,152.36,13133260,153.918,154.05,151.51,1134
06/29/2021,155.95,10279900,153.26,156.4,152.91,1136
06/30/2021,154.49,10281800,154.79,155.3361,153.52,1138
07/01/2021,158,9011480,154.07,158.21,153.89,1140
07/02/2021,159.74,6397392,158.21,159.97,157.64,1156
07/06/2021,160.11,6670979,159.92,160.44,157.86,1157
07/07/2021,160.16,5408252,160.16,161.5,158.28,1159
07/08/2021,160.63,6081641,158.17,160.82,157.35,1155
07/09/2021,161,5002326,161.69,161.9619,160.51,1167
07/12/2021,161.82,4992241,161.64,162.4276,160.71,1169
07/13/2021,161.59,5747737,161.35,162.31,161.01,1171
07/14/2021,161.54,4928009,161.87,162.73,161.34,1172
07/15/2021,161.69,6432687,160.86,162.2,160.3935,1166
07/16/2021,159.85,6603680,161.62,161.7,159.64,1163
07/19/2021,157.87,7377137,158.15,158.82,156.6,1149
07/20/2021,159.74,4629228,157.26,160.43,156.58,1148
07/21/2021,161.08,5393267,160.5,161.425,160.01,1165
07/22/2021,163.68,4851541,161.11,163.75,160.93,1170
07/23/2021,166.36,4217669,164.35,166.45,163.73,1189
07/26/2021,165.09,3858810,165.71,166.53,163.82,1190
07/27/2021,164.57,4358969,164.82,165.61,162.58,1180
07/28/2021,165.46,4093570,164.49,165.9,164.08,1191
07/29/2021,166.99,3605614,165.9,167.03,165.39,1200
07/30/2021,167.51,5364522,166.59,167.87,166.35,1210
08/02/2021,168.75,5532475,169.06,169.98,168.03,1225
08/03/2021,171.23,5718127,169.22,171.5,168.49,1227
08/04/2021,171.91,4646201,171.36,172.34,170.96,1249
08/05/2021,173.85,3823951,171.41,174,171.18,1250
08/06/2021,172.8,4088665,174.36,174.38,172.7,1254
08/09/2021,171.77,3612846,172.5,173.06,171.6165,1252
08/10/2021,172.27,3747136,171.56,173.96,171.43,1251
08/11/2021,171.27,4078286,172,173.22,170.94,1247
08/12/2021,170.64,3997622,170.89,171.32,169.48,1237
08/13/2021,171.69,2966195,170.45,171.72,168.78,1231
08/16/2021,172.36,3530689,170.7,172.4,169.66,1239
08/17/2021,170.66,3602883,171.54,171.7,169.3842,1236
08/18/2021,168.81,5487423,169.75,171.8,168.66,1230
08/19/2021,165.59,7336494,166.96,167.54,164.37,1196
08/20/2021,167.79,4039236,166.27,168.01,165.42,1201
08/23/2021,169.72,3796644,169.45,170.9,169.183,1233
08/24/2021,169.98,3133113,169.6,170.87,168.89,1232
08/25/2021,169.84,3003829,170,170.69,169.53,1238
08/26/2021,166.92,4069624,169.38,169.52,166.27,1207
08/27/2021,167.58,3012424,167.27,168.07,166.28,1208
08/30/2021,168.03,3537067,167.89,168.41,166.57,1211
08/31/2021,164.74,7545629,167.55,167.68,164.2,1194
09/01/2021,164.56,4706527,164.92,166.62,164.08,1192
09/02/2021,163.67,4632856,165.24,165.43,162.785,1182
09/03/2021,163.29,4254656,163.2,164.17,162.22,1177
09/07/2021,162.64,5649012,163.7,163.86,161.91,1175
09/08/2021,160.71,6591715,162,162.09,159.75,1164
09/09/2021,163.34,8414827,165.26,166.15,163.2,1186
09/10/2021,163.59,4252054,164.25,165.66,163.44,1188
09/13/2021,159.52,8814461,161.56,162.92,158.33,1161
09/14/2021,158.76,5323906,159.17,159.39,157.07,1152
09/15/2021,157.91,6827120,157.5,158.32,155.67,1143
09/16/2021,157.6,5085953,157.59,159.01,157.2,1153
09/17/2021,156.42,7947833,157.96,161,156.065,1145
09/20/2021,154.25,7041151,153.73,155.27,152.32,1135
09/21/2021,155.02,5857946,155.09,156.13,153.58,1139
09/22/2021,157.44,6844752,156.79,157.9999,155.6001,1142
09/23/2021,159.58,11981520,158.71,160.29,158.27,1158
09/24/2021,149.59,26913310,151.04,151.85,148,1125
09/27/2021,148.04,11479260,149.51,149.91,147.29,1120
09/28/2021,145.3,10692290,147.34,147.53,145,1111
09/29/2021,146.02,7794925,145.71,147.938,145.69,1115
09/30/2021,145.23,10135900,145.88,147.48,144.42,1106
10/01/2021,147.06,8112276,145.22,148,144.37,1104
10/04/2021,147.14,7950980,147.06,147.62,145.76,1116
10/05/2021,149.46,10881850,148,151,147.8218,1124
10/06/2021,148.8,7610726,148,149.46,147.51,1121
10/07/2021,151.85,7958039,150.3,153.66,150.26,1129
10/08/2021,152.48,6333747,152.22,152.87,150.67,1131
10/11/2021,150.28,5551181,151.99,153.59,150.055,1128
10/12/2021,153.35,7408556,152.42,153.6,151.3,1133
10/13/2021,156.3,8457480,154.32,156.67,153.16,1137
10/14/2021,157.14,6025600,158.18,158.46,156.25,1146
10/15/2021,158.01,5532311,157.8,158.33,156.56,1147
10/18/2021,159.43,5765540,157.31,159.47,155.95,1144
10/19/2021,157.82,6198206,159.68,159.93,156.8,1150
10/20/2021,158.45,4486964,158.5,158.8,157.325,1154
10/21/2021,162.18,6121675,158.45,162.34,158.28,1160
10/22/2021,163.48,5323021,162.28,164.62,162.28,1178
10/25/2021,164.22,3878246,163.23,164.73,162.66,1181
10/26/2021,163.79,4711228,164.82,165.45,163.12,1185
10/27/2021,162.35,4163853,163.65,164.06,161.66,1173
10/28/2021,164.46,3762035,163.01,164.6,162.81,1183
10/29/2021,167.29,6740577,163.06,167.63,163,1184
11/01/2021,166.33,3610791,167.8,168.8,165.89,1204
11/02/2021,167.83,5038033,166.76,168.16,166.11,1205
11/03/2021,172.5,7176711,169,172.87,168.65,1229
11/04/2021,175.44,5460077,172.21,175.63,172,1253
11/05/2021,177.51,5892386,175.73,179.1,175.495,1256
11/08/2021,171.85,8301063,176.35,176.535,170.36,1243
11/09/2021,173.82,4343036,171.25,173.925,170.9506,1248
11/10/2021,168.26,8185208,171.23,172.17,167.55,1222
11/11/2021,166.97,4994898,169.6,169.6,166.63,1213
11/12/2021,169.09,5126255,167.5,169.675,167.4,1219
11/15/2021,168.85,3856824,169.7,170.358,168.52,1228
11/16/2021,171.83,4400951,169.25,174,169.25,1235
11/17/2021,171.74,3940150,171.6,172.74,170.25,1241
11/18/2021,171.35,4044957,172.33,173.4628,170.36,1242
11/19/2021,174.88,6146405,172.15,177.2,170.53,1246
11/22/2021,174.24,5907245,174.98,177.75,174.23,1255
11/23/2021,172.15,5302381,173.05,173.43,170.41,1245
11/24/2021,172.03,4637831,168.49,172.43,167.6714,1223
11/26/2021,168.02,4751087,168.06,169.68,167.54,1221
11/29/2021,169.87,5448873,169.83,171.148,169.23,1234
11/30/2021,169.24,11033990,168.79,171.55,167.53,1220
12/01/2021,166.7,6618636,170.89,173.37,166.68,1214
12/02/2021,170,4398871,167.28,170.545,167,1216
12/03/2021,170.24,4878460,170.62,172.07,166.76,1215
12/06/2021,168.91,5636915,170.83,171.2128,168.06,1226
12/07/2021,171.29,5898723,171.11,173.345,170.4,1244
12/08/2021,170.25,5614587,171.22,171.7899,169.84,1240
12/09/2021,168.1,5171776,169.29,171.165,167.99,1224
12/10/2021,169.06,4791125,168.5,170.24,167.33,1218
12/13/2021,166.84,5972321,168.81,169.39,165.26,1199
12/14/2021,165.4,4872209,166.29,167.08,164.21,1195
12/15/2021,163.9,7144617,165,165.67,161.82,1174
12/16/2021,162.72,7138109,162.7,165.94,162.53,1179
12/17/2021,161.36,7720005,161.63,162.86,160.55,1168
12/20/2021,156.98,8411896,159.34,159.6,155.47,1141
12/21/2021,166.63,13862890,166.69,171.19,164.71,1197
12/22/2021,165.44,5811307,167.24,169,164.09,1193
12/23/2021,165.67,3876949,166.25,167.16,165.44,1202
12/27/2021,167.58,3771988,166.52,167.69,165.48,1203
12/28/2021,166.42,2658714,167.8,168.25,166.3,1209
12/29/2021,168.78,3830888,167.07,169.8,166.6,1212
12/30/2021,167.49,2666993,168.31,170.12,167.2,1217
12/31/2021,166.67,2751992,167.56,167.72,166.21,1206
01/03/2022,164.67,5671928,167.53,167.91,163.31,1187
01/04/2022,166.39,6064160,165.88,167.18,165,1198
01/05/2022,162.25,5020982,166.49,167.01,162.095,1176
01/06/2022,161.04,4144691,162.09,163.19,159.06,1162
01/07/2022,156.97,5107978,160.77,161.14,156.86,1151
01/10/2022,150.44,10439020,150.52,151.33,148.775,1126
01/11/2022,150.3,8175396,150.48,150.84,147.6,1123
01/12/2022,152.21,6351196,152.13,153.46,150.74,1132
01/13/2022,149.59,4990890,153.2,153.6,149.02,1127
01/14/2022,148.18,6030546,148.39,148.84,146.8538,1119
01/18/2022,146.95,6931656,148.06,148.83,146.3,1117
01/19/2022,145.11,4823829,147.76,149.1,145.02,1112
01/20/2022,142.73,5366458,145.46,147.3802,142.5,1088
01/21/2022,142.95,7553373,144.32,146.359,142.85,1095
01/24/2022,146,9757308,140.81,146.31,139.56,1061
01/25/2022,145.48,8195354,144.97,147.96,142.515,1090
01/26/2022,143.99,7444563,147.78,148.97,142.73,1093
01/27/2022,144.64,6397336,144.99,147.35,143.58,1098
01/28/2022,145.91,6130224,144.12,146.03,140.61,1068
01/31/2022,148.07,6932237,146.27,148.18,145.22,1113
02/01/2022,148.22,6694995,149.5,149.68,146.8,1118
02/02/2022,148.71,5491706,148.35,149.46,147.53,1122
02/03/2022,145.31,5240222,147.4,148.46,144.9701,1110
02/04/2022,145.39,4313382,145.37,146.48,143.64,1099
02/07/2022,145.14,3877540,145.3,146.12,144.215,1103
02/08/2022,143.53,5829362,144.74,145.5,142.3,1085
02/09/2022,146.26,4551008,146.11,147.36,145.67,1114
02/10/2022,144.82,5142578,143.96,147.54,143.85,1101
02/11/2022,140.18,6710525,144.76,145.055,139.56,1060
02/14/2022,141.59,6841153,140.08,143.21,139.79,1062
02/15/2022,145.58,7820539,144.22,146.32,144.1,1102
02/16/2022,146.49,4817452,145.024,146.95,144.61,1107
02/17/2022,142.8,5202282,145.54,146.91,142.6401,1092
02/18/2022,142.95,5177403,143.37,143.94,141.81,1084
02/22/2022,138.19,9604537,141.59,141.64,136.16,1030
02/23/2022,136.83,7636623,139.66,140.97,136.51,1038
02/24/2022,137.17,8417400,133,137.42,130.932,942
02/25/2022,138.8,5424604,138.13,139.22,136.19,1031
02/28/2022,136.55,6613321,137.06,138.38,135.04,1017
03/01/2022,132.22,6534047,136.72,136.75,131.15,943
03/02/2022,135.68,7743861,132.98,136.61,132.77,978
03/03/2022,133.97,4576504,136.74,136.8,133.45,994
03/04/2022,131.18,7085912,132.51,133.62,130.7,941
03/07/2022,124.44,11383410,131,131.03,124.17,844
03/08/2022,121.21,9089353,125.24,125.47,120.8,797
03/09/2022,126.95,8845072,127.38,129.65,126.63,885
03/10/2022,126.03,7167615,124.02,126.6,124,839
03/11/2022,122.63,5882024,127.01,127.8692,122.51,818
03/14/2022,117.57,13884870,121.525,122.445,116.75,743
03/15/2022,119.4,10431260,119.84,120.42,117.75,754
03/16/2022,125.19,11100450,122.85,126.11,121.93,813
03/17/2022,127.41,6845323,124.94,127.41,123.7,834
03/18/2022,131.24,10350900,126.85,131.46,126.7,890
03/21/2022,130.19,14388530,129.72,132.31,128.62,914
03/22/2022,133.09,19731210,137.28,139,132.985,984
03/23/2022,133,8068788,132.64,135.4,131.2,945
03/24/2022,132.08,5853825,133.75,134.19,131.2,944
03/25/2022,133.7,6287777,133.05,133.87,131.71,953
03/28/2022,134.81,5804051,133.76,134.86,132.1709,964
03/29/2022,139.14,7275870,137.85,139.75,136.952,1042
03/30/2022,138.54,5545784,138.98,139.86,137.56,1047
03/31/2022,134.56,7206478,137.83,138.71,134.495,1006
04/01/2022,133.52,5807683,134.45,135.28,132.75,977
04/04/2022,134.34,5309240,133.05,135.21,132.86,981
04/05/2022,132.3,5707771,134.04,134.68,132.02,959
04/06/2022,128.36,6961044,130.05,130.3017,126.325,880
04/07/2022,129.38,5320528,127.43,129.98,127.09,895
04/08/2022,128.15,4877432,129.44,129.925,127.88,905
04/11/2022,124.98,6365432,125.1,126.8741,124.32,847
04/12/2022,125.04,5146790,125.2,128.1,124.34,848
04/13/2022,127.49,5119330,125.04,127.86,125.04,858
04/14/2022,133.46,12811270,129.08,134.38,128.891,920
04/18/2022,131.63,5298195,132,133.3899,130.31,936
04/19/2022,137.05,7346067,133.09,137.48,132.78,979
04/20/2022,135.87,5309660,137.96,138.65,135.66,1026
04/21/2022,135.46,6562404,138.55,139.14,135.08,1018
04/22/2022,129.07,7321718,134.33,134.93,128.71,917
04/25/2022,127.94,6512514,127.8,128.94,124.85,853
04/26/2022,120.52,7977916,126.95,127.59,120.48,792
04/27/2022,121.24,6007814,121.09,124,121.09,803
04/28/2022,127.05,6553927,123.17,127.97,122.6,819
04/29/2022,124.7,5867901,126.22,128.45,124.25,845
05/02/2022,126.08,5428432,124.43,126.18,122.8,820
05/03/2022,122.86,8201221,125.02,125.76,120.22,790
05/04/2022,126.06,6923964,122.54,126.2,120.08,789
05/05/2022,118.63,8411624,124.11,124.75,116.52,740
05/06/2022,114.49,11237530,113.74,115.9,110.66,680
05/09/2022,111.21,7505970,112.97,114.43,110.59,679
05/10/2022,109.49,7527166,113.03,113.44,108.3539,634
05/11/2022,107.92,6611800,110.7,111.15,107.59,616
05/12/2022,107.9,10245380,105.18,109.88,105,536
05/13/2022,113.01,9618832,110.26,113.11,108.67,639
05/16/2022,112.6,5722480,112.98,113.44,111.56,689
05/17/2022,115.9,6026117,115.5,117.1,113.07,706
05/18/2022,109.37,8188301,112.5,113.36,108.78,642
05/19/2022,106.44,7701997,108.95,109.11,106.28,577
05/20/2022,108,7621926,108.67,109.69,105.07,538
05/23/2022,108.63,7136443,107.47,108.75,105.82,569
05/24/2022,107.29,6023398,107.11,107.99,104.73,528
05/25/2022,108.2,7158807,103.46,108.89,103.46,496
05/26/2022,112.94,6520341,110,113.5,110,666
05/27/2022,115.99,5043216,114.22,116.01,114.01,714
05/31/2022,118.85,13774630,117.5,119.79,114.45,718
06/01/2022,118.68,5543295,119.83,120.75,117.61,752
06/02/2022,123.41,5838149,119.51,123.58,119.26,776
06/03/2022,120.95,5201515,120.21,122.54,120,787
06/06/2022,120.23,3963606,121.5,122.14,119.4312,780
06/07/2022,121.67,5373618,118.66,121.97,118.46,762
06/08/2022,122.4,4365780,120.9,123.82,120.45,791
06/09/2022,118.6,3894043,121.35,122.03,118.59,766
06/10/2022,114.73,6293093,117.09,117.09,114.26,717
06/13/2022,110.44,6423104,110.39,112.0166,109.235,653
06/14/2022,110.72,4548351,110.37,111.89,110.01,667
06/15/2022,113.44,4828671,112.16,114.72,111.21,683
06/16/2022,107.12,7384840,109.51,109.9,105.72,566
06/17/2022,107.34,10256830,106.15,108.55,105.85,571
06/21/2022,108.68,6211362,108.46,109.815,108.035,625
06/22/2022,104.92,9894584,105.4,106.9,104.61,524
06/23/2022,108,8898376,105.01,108.1,104.41,520
06/24/2022,112.91,10463670,109.93,112.94,109.61,657
06/27/2022,110.5,12644670,112.24,113.21,109.84,664
06/28/2022,102.78,31373800,108.2,114.05,102.48,478
06/29/2022,103.25,10326650,102.99,105.61,101.53,456
06/30/2022,102.2,9027352,101.94,103.38,100.7801,446
07/01/2022,101.18,7934313,101.64,102.5,99.53,421
07/05/2022,104.32,9951963,100.45,104.38,100.1101,436
07/06/2022,104.23,6432881,104.89,105.72,103.45,495
07/07/2022,108.13,7633944,105.65,108.28,105.27,549
07/08/2022,107.93,5938841,106.58,108.6118,106.51,582
07/11/2022,105.11,4936666,106.6,107.0899,104.87,534
07/12/2022,103.76,6017439,105.01,105.86,103.15,490
07/13/2022,105.11,5299449,101.94,105.88,101.56,457
07/14/2022,103.22,6951305,103.11,103.8,101.85,466
07/15/2022,104.7,7862046,104.76,105.615,103.9345,510
07/18/2022,103.94,6834758,106.19,106.68,103.68,503
07/19/2022,109.19,8973853,105.6,109.58,105.43,554
07/20/2022,111.11,5884576,109.22,111.63,108.87,644
07/21/2022,111.62,4291350,110.37,111.67,110.07,670
07/22/2022,109.12,6039269,111.93,111.93,108.75,641
07/25/2022,109.28,5079527,109.61,109.61,107.68,619
07/26/2022,105.2,8459456,107.48,107.93,104.57,522
07/27/2022,107.86,7437032,106.3,108.38,105.75,567
07/28/2022,112.23,6773540,109.43,112.4,108.03,624
07/29/2022,114.92,7559983,112.76,115.205,111.5,688
08/01/2022,114.3,4802882,114,115.545,113.25,708
08/02/2022,111.77,6334415,113.57,113.78,111.67,690
08/03/2022,114.28,5986544,113.42,115.1,112.58,699
08/04/2022,114.48,4331973,114.64,115.35,113.83,712
08/05/2022,113.87,4162241,112.79,114.3,112.5725,698
08/08/2022,114,6072491,114,115.58,113.305,709
08/09/2022,110.11,7377572,111.32,111.75,108.82,643
08/10/2022,113.14,6951817,113.24,113.825,111.86,693
08/11/2022,114.1,5582130,114.88,116.75,113.73,710
08/12/2022,116.07,4407890,114.39,116.125,113.77,711
08/15/2022,116.32,4279010,115.45,116.58,114.85,723
08/16/2022,118.06,6189786,115.94,118.47,115.81,734
08/17/2022,117.04,5108387,116.77,117.98,116.41,738
08/18/2022,116.01,4750243,116,116.68,115.3,726
08/19/2022,113.16,5967762,115.5,115.65,113.03,704
08/22/2022,110.34,5802914,111.02,111.68,109.84,663
08/23/2022,110.68,4806708,110.84,112.83,110.57,678
08/24/2022,111.41,4769010,110.68,112.425,110.02,668
08/25/2022,113.22,5433682,111.9,113.34,111.39,687
08/26/2022,108.28,6203565,113.31,113.73,108.23,629
08/29/2022,107.88,4132362,106.81,108.54,106.44,580
08/30/2022,107.86,5129451,108.97,110.08,107.13,597
08/31/2022,106.45,8884766,107.96,108.01,105.81,568
09/01/2022,106.49,5590811,105.8,106.55,103.8,508
09/02/2022,105.74,7763844,107.46,108.15,105.05,537
09/06/2022,105.15,9158948,105.44,106.41,103.68,502
09/07/2022,108.48,7238257,105.08,108.56,105,535
09/08/2022,108.73,5628273,107,108.79,106.08,574
09/09/2022,110.97,5174479,109.38,111.69,109.3,655
09/12/2022,112.38,4836939,111.38,113.36,111.38,686
09/13/2022,105.72,5955562,108.84,108.91,105.44,555
09/14/2022,107,4888742,106.13,107.355,105.15,543
09/15/2022,105.5,6598908,106.15,108.135,104.83,532
09/16/2022,104.12,8000816,104.07,105.29,103.25,491
09/19/2022,107.21,5162319,103.69,107.37,103.33,493
09/20/2022,102.42,10006640,103.82,104.44,101.71,461
09/21/2022,99.79,6279318,102.67,103.63,99.77,427
09/22/2022,98.55,9638827,99.79,100.21,97.83,393
09/23/2022,97.02,9026452,96.92,97.54,95.34,344
09/26/2022,96.06,8521632,96.09,97.73,95.71,350
09/27/2022,96.29,9890328,97.07,97.7399,95,335
09/28/2022,98.7,9423349,97.11,99.425,96.76,371
09/29/2022,95.33,19339220,98.11,98.11,94.4801,327
09/30/2022,83.12,48176060,83.3,86.2,82.5,166
10/03/2022,85.4,19108190,83.13,86.47,82.22,163
10/04/2022,88.64,15114770,87.7,89.07,87.11,206
10/05/2022,91.1,12732730,87.49,91.7,87.15,207
10/06/2022,90.17,9951889,90.49,92.64,89.81,242
10/07/2022,87.16,8554657,88.54,88.762,86.69,204
10/10/2022,86.69,7991226,87.76,87.78,85.07,189
10/11/2022,87.99,11903170,86.04,88.25,85.75,195
10/12/2022,88.51,8772899,88,88.88,87.31,210
10/13/2022,89.56,9335034,86.39,89.81,86.05,198
10/14/2022,87.55,7813872,90.51,90.88,87.49,213
10/17/2022,89.97,8451887,89.53,90.69,88.7,228
10/18/2022,89.68,7364685,92.6,92.91,89.15,236
10/19/2022,88.57,5101984,88.26,89.74,87.76,218
10/20/2022,86.83,13500010,89.47,90.58,86.605,202
10/21/2022,88.5,7976275,87.02,88.78,86.71,205
10/24/2022,88.01,8847054,87.79,88.84,86.24,199
10/25/2022,91.72,8639899,88.03,91.93,87.89,220
10/26/2022,92.39,8648500,90.78,94.35,90.7038,254
10/27/2022,90.54,8617948,92.88,93.48,90.22,248
10/28/2022,93.83,6022379,91.2,93.88,90.46,250
10/31/2022,92.68,6426375,93,93.89,92.68,291
11/01/2022,93.77,7250651,95.69,96.46,92.97,297
11/02/2022,90.3,7178282,93.13,94.44,90.19,247
11/03/2022,90.4,6550281,89.97,91.61,88.72,229
11/04/2022,95.79,11511760,94.45,98.23,93.95,320
11/07/2022,93.44,9094460,96.31,96.87,92.6664,290
11/08/2022,93.75,7017766,94.44,96.025,92.935,295
11/09/2022,92.1,6550869,92.67,93.8999,91.955,277
11/10/2022,99.49,9361010,96.33,99.68,96.23,362
11/11/2022,106.09,12597480,100.31,107.21,100.14,437
11/14/2022,104.39,7134856,105.2,106.44,104.32,519
11/15/2022,106.71,7242932,107.99,109.31,105.53,560
11/16/2022,105.23,5998677,105.25,106.6,104.77,529
11/17/2022,105.36,5259739,104.11,105.4,102.92,485
11/18/2022,105.42,5498949,107.63,107.72,104.17,515
11/21/2022,103.83,4774775,104.61,105.48,103.6,498
11/22/2022,105.97,5313228,104.62,106.1562,103.84,509
11/23/2022,106.65,3873501,106,106.98,105.23,548
11/25/2022,105.96,3426135,106.45,107.18,105.56,561
11/28/2022,104.96,6967774,105.25,106.3,104.6502,526
11/29/2022,106.25,8494366,105.37,106.8155,105.12,541
11/30/2022,109.69,16250970,107.08,109.69,105.451,556
12/01/2022,111.11,7822888,110.09,111.855,109.55,656
12/02/2022,112.2,5891969,108.65,112.71,108.34,633
12/05/2022,109.62,6220139,111.02,111.125,109.19,652
12/06/2022,107.93,7086282,109.65,110.525,106.745,586
12/07/2022,108.33,5751515,107.32,109.12,107.06,595
12/08/2022,111.36,6192842,108.6,111.49,108.46,635
12/09/2022,109.42,5677695,110.22,111.38,109.26,654
12/12/2022,112.07,6426036,110.1,112.17,109.71,659
12/13/2022,112.85,8655306,115.605,116.45,111.25,684
12/14/2022,111.45,7528469,113.7,114.12,110.23,674
12/15/2022,108.51,7502121,109.19,109.62,107.73,620
12/16/2022,105.95,14083650,106.87,107.61,105.12,542
12/19/2022,103.05,10620330,104.99,105.51,102.45,477
12/20/2022,103.21,17147930,103,103.4,101.68,460
12/21/2022,115.78,32777320,116.76,119.18,115.34,727
12/22/2022,116.71,17150500,114.29,116.82,114.06,715
12/23/2022,116.25,6603749,116.11,117.17,115.78,730
12/27/2022,117.56,6661081,116.47,118.1983,115.82,736
12/28/2022,114.98,5437801,117.58,118.24,114.955,724
12/29/2022,117.35,4588588,116.08,118.065,115.8,732
12/30/2022,117.01,4355450,116.56,117.25,115.77,729
01/03/2023,118.75,8124770,118.55,119.49,117.44,749
01/04/2023,121.21,8550659,119.96,122.23,119.53,782
01/05/2023,120.62,6046737,120.28,122.34,120.08,788
01/06/2023,124.53,10080650,122,125.36,121.77,810
01/09/2023,124.85,9397868,125,126.61,124.55,851
01/10/2023,125.84,5899920,125.21,126.33,124.37,849
01/11/2023,127.94,6989184,126.32,128.255,126.01,874
01/12/2023,127.89,8366442,128.35,128.46,126.46,883
01/13/2023,128.85,4856475,126.66,129.23,126.66,886
01/17/2023,128.14,6172170,128,129.05,127.83,902
01/18/2023,126.43,6828808,127.8,128.5852,126,872
01/19/2023,124.53,5273493,124.79,125.44,123.61,831
01/20/2023,126.62,5673181,124.68,126.64,124.04,840
01/23/2023,128.29,5581559,126.9,128.745,126.54,884
01/24/2023,126.83,5486219,123.58,128.005,112.36,696
01/25/2023,126.82,5933730,125.86,127.01,124.83,852
01/26/2023,127.53,5838801,128.46,128.99,126.01,875
01/27/2023,127.53,5730012,127.07,128.58,126.695,889
01/30/2023,126.37,6494692,126.5,127.56,126.205,877
01/31/2023,127.33,7687083,126.42,127.85,126.01,873
02/01/2023,129.5,6387919,127.9,130.22,126.22,878
02/02/2023,129.06,5214452,130.45,131.31,127.86,904
02/03/2023,127.61,4930209,126.79,129.42,126.44,881
02/06/2023,125.73,4666535,125.52,126.1,124.32,846
02/07/2023,125.33,5288935,123.96,125.93,123.25,826
02/08/2023,122.91,5877807,123.38,124.1,121.8,811
02/09/2023,122.18,5928984,124.71,125.02,121.5,808
02/10/2023,122.23,5195451,121.51,122.635,120.54,793
02/13/2023,125.15,5689778,122.82,125.72,122.46,817
02/14/2023,126.2,4845860,123.95,126.36,123.74,836
02/15/2023,127.48,5689700,124.9,127.5,124.9,854
02/16/2023,124.38,4722184,125.43,127.21,124.1101,842
02/17/2023,124.84,5161724,123.71,124.89,123.435,829
02/21/2023,121.1,5110256,123.28,124,120.98,800
02/22/2023,119.9,5021991,121.1,121.395,119.6375,783
02/23/2023,119.96,4101920,120.76,120.76,118.55,764
02/24/2023,118.04,4693002,117.97,118.74,117.34,747
02/27/2023,118.53,4240017,119.26,119.82,118.32,761
02/28/2023,118.79,8414063,118.74,120.4,117.845,756
03/01/2023,118.58,4120488,117.95,119.79,117.83,755
03/02/2023,119.58,4443207,117.55,119.96,117.55,750
03/03/2023,120.94,3871822,120.13,121.04,119.02,770
03/06/2023,120.17,5183814,121.13,121.99,119.955,786
03/07/2023,119.59,5345746,120.2,121.02,119.23,775
03/08/2023,119.86,4175226,119.27,120.04,118.73,768
03/09/2023,117.87,5635879,120.08,121.86,117.55,751
03/10/2023,117.49,5979635,118.83,118.99,116.64,742
03/13/2023,116.86,6038216,115.82,118.29,115.79,731
03/14/2023,119,6050822,119,119.49,117.23,746
03/15/2023,118.17,6599249,116.32,118.625,115.81,735
03/16/2023,120.65,5661422,116.86,120.81,116.6101,741
03/17/2023,120.39,12868910,121.17,121.73,118.67,767
03/20/2023,121.2,7594101,120.99,122.68,119.81,784
03/21/2023,125.61,15078780,123.5,126.06,122.97,822
03/22/2023,119.5,17625500,123.66,125.26,119.33,778
03/23/2023,120.97,7628073,120.47,123.27,119.465,781
03/24/2023,120.71,6163391,120.23,121,119.315,777
03/27/2023,117.81,6564242,121.02,121.07,117.61,753
03/28/2023,117.87,4461446,117.95,118.44,116.85,744
03/29/2023,120.49,5644018,118.64,120.57,118.49,763
03/30/2023,120.1,4578912,121.03,121.44,119.335,779
03/31/2023,122.64,5659422,120.92,122.71,120.6,796
04/03/2023,121.67,4838399,122.5,122.85,120.82,798
04/04/2023,123.69,5895258,121.38,123.945,121.36,807
04/05/2023,120.9,4331407,123,123.33,120.56,794
04/06/2023,120.22,4256901,119.51,120.49,117.85,757
04/10/2023,121.91,3731236,119.3,121.91,119.13,772
04/11/2023,123.3,4470956,122.04,124.08,122.04,814
04/12/2023,123.66,4525132,124.76,124.8625,123.221,825
04/13/2023,126.43,5355297,124.64,126.6714,124.46,850
04/14/2023,125.95,4828882,127,127.49,125.49,868
04/17/2023,126.19,3917912,126.03,126.48,125.13,859
04/18/2023,126.21,3857914,127.23,127.28,125.015,857
04/19/2023,125.67,3547598,126,126.075,124.92,855
04/20/2023,124.45,3891706,124.8,125.3513,123.7085,835
04/21/2023,125.53,3651389,124.4,125.68,123.62,832
04/24/2023,127.09,3790923,125.51,127.13,125.145,860
04/25/2023,124.66,4383342,126.53,126.77,124.05,841
04/26/2023,123.84,4003190,124.21,124.98,123.29,827
04/27/2023,125.7,4252135,124.44,126.01,123.14,823
04/28/2023,126.72,4421419,125.15,127.07,124.96,856
05/01/2023,127.92,4112782,126.92,128.68,126.86,892
05/02/2023,127.26,3831644,127.15,127.58,125.165,862
05/03/2023,126.74,4560081,125.49,128.38,123.67,833
05/04/2023,123.67,6177127,124.94,125.185,122.82,821
05/05/2023,126.59,4887759,125.93,127.0283,125.22,863
05/08/2023,126.88,3892645,127.26,127.69,125.975,871
05/09/2023,125.1,4082170,125.27,125.66,124.17,843
05/10/2023,123.51,5052636,126.29,126.455,122.17,815
05/11/2023,122.22,5923069,123.45,123.86,121.9,812
05/12/2023,120.21,6574233,120.99,121.1953,119.03,771
05/15/2023,119.83,5518188,119.82,119.99,118.005,758
05/16/2023,116.48,8307929,117.5,117.8392,116.12,737
05/17/2023,116.98,7765386,116.38,117.13,115.25,725
05/18/2023,118.87,5970500,117.43,119.145,116.85,745
05/19/2023,114.76,11674270,114.56,115.49,113.1,707
05/22/2023,110.18,12710290,112.85,112.85,110.02,669
05/23/2023,108.78,11790410,109.77,111.06,108.1871,628
05/24/2023,108.29,8503192,109,109.1,107.2016,599
05/25/2023,107.48,6729847,108.35,108.9708,107.42,609
05/26/2023,107.51,7911202,107,108.45,107,593
05/30/2023,106.52,9335188,108.4,108.88,106.2677,576
05/31/2023,105.26,21465160,105.7,106.17,104.83,531
06/01/2023,103.63,12025210,104.18,104.6,102.9,484
06/02/2023,107.78,11838230,107.63,108.42,106.13,575
06/05/2023,105.2,7434017,107.88,107.5601,105.18,544
06/06/2023,106.19,7896257,105.49,106.75,105.2,546
06/07/2023,107.09,11123900,106.04,108.24,105.42,553
06/08/2023,106.2,9139448,107.16,107.52,105.67,565
06/09/2023,105.86,5796002,105.91,106.28,105.35,550
06/12/2023,106.83,7965771,106.29,106.85,104.6,523
06/13/2023,106.78,8460508,107.14,107.4752,106.2935,578
06/14/2023,112.86,17415460,107.48,113.4,107.48,614
06/15/2023,112.41,10374200,111.83,112.815,110.155,672
06/16/2023,113.59,14445510,114,114.76,113.06,705
06/20/2023,109.54,10606880,111.41,112.815,108.96,646
06/21/2023,109.98,8377812,109.13,110.36,108.71,640
06/22/2023,110.46,6003494,110.82,111.25,109.78,661
06/23/2023,109.52,14329240,107.75,110.29,107.3,602
06/26/2023,111.74,6887058,109.67,112.21,109.67,658
06/27/2023,113.61,7138587,112.53,114.18,112.43,697
06/28/2023,113.03,6765974,113.34,113.745,112.12,695
06/29/2023,113.37,12465530,113.6,114.27,112.61,700
06/30/2023,110.37,19629590,111.59,112.25,109.799,662
07/03/2023,109.11,5734199,111.06,111.3,109.11,649
07/05/2023,107.1,10410550,108.62,108.905,106.535,583
07/06/2023,105.1,9929226,105.29,106.09,103.67,500
07/07/2023,104.46,7463086,104.8,105.47,104.03,513
07/10/2023,105.78,5374580,104.48,106.31,104.25,518
07/11/2023,107.39,5457205,105.65,107.62,105.62,564
07/12/2023,107.76,8305044,108.525,109.09,107.22,600
07/13/2023,107.84,6692257,109.07,109.13,107.68,618
07/14/2023,107.95,6933557,107.94,108.64,107.185,598
07/17/2023,108.71,6683385,107.26,109.0995,106.76,587
07/18/2023,109.72,5717868,108.58,110.34,108.31,632
07/19/2023,109.88,5027105,109.08,110.245,108.58,638
07/20/2023,107.53,6458000,109.57,110.02,107.48,613
07/21/2023,109.06,6631599,107.995,109.2863,107.51,615
07/24/2023,108.77,6787619,110.41,110.55,108.51,636
07/25/2023,108.3,7692755,108.28,108.85,107.39,606
07/26/2023,109.3,5148906,108.3,109.59,107.9528,623
07/27/2023,107.67,6544605,109.83,110.23,107.4,608
07/28/2023,108.62,5993039,108.11,108.959,107.63,617
07/31/2023,110.39,6406734,109.405,110.85,109.0476,648
08/01/2023,109.4,4567383,110,110.53,109.135,650
08/02/2023,107.51,6213581,108.28,108.515,107.45,610
08/03/2023,108.64,5085760,107,109.085,106.645,584
08/04/2023,108.81,5621400,108.71,110.31,108.24,630
08/07/2023,110.48,4887311,109.87,110.9399,109.1844,651
08/08/2023,109.69,5851909,109.63,109.89,107.35,605
08/09/2023,109.69,4328573,109.79,110.02,108.3,631
08/10/2023,109.03,7276458,110.31,111.95,108.52,637
08/11/2023,108.09,5104405,108.9,109.5277,107.86,622
08/14/2023,107.64,5305181,107.92,108.3,107.07,596
08/15/2023,106.55,6197554,106.07,106.82,105.6,562
08/16/2023,106.53,5953064,106.07,108.375,106.07,573
08/17/2023,105.05,5692762,107.43,107.83,104.78,530
08/18/2023,104.81,5836067,103.83,105.05,103.76,506
08/21/2023,102.86,6697559,105.47,105.48,102.63,481
08/22/2023,101.46,9820097,100.96,102.37,100.73,445
08/23/2023,98.75,20909070,96.98,99.19,96.545,367
08/24/2023,97.63,10310040,98.7,99.19,97.56,383
08/25/2023,98.84,7290611,98.5,99.09,97.81,390
08/28/2023,99.63,6006590,99.59,100.06,98.865,408
08/29/2023,101.77,8641614,100.03,102.155,99.72,425
08/30/2023,102.1,4822098,101.64,102.81,101.51,454
08/31/2023,101.71,7046219,102.62,102.89,101.61,458
09/01/2023,102.36,6359599,101.97,102.96,101.52,455
09/05/2023,100.32,6698665,101.5,101.96,100.225,438
09/06/2023,100.18,6096014,99.76,100.305,99.03,412
09/07/2023,97.93,9927060,98.26,98.76,97.64,385
09/08/2023,97.67,6435533,98.1,98.1344,97.2775,381
09/11/2023,96.79,7584681,98.33,98.375,96.58,369
09/12/2023,96.3,6307698,96.99,97.17,96.175,361
09/13/2023,96.13,7140729,96.3,97.195,95.6593,349
09/14/2023,97.19,7075271,96.72,97.68,95.9,354
09/15/2023,96.26,10467340,98.15,98.15,96.13,359
09/18/2023,95.51,6946299,96,96.3663,95.28,341
09/19/2023,94.62,9390096,95.04,95.49,94.41,326
09/20/2023,94.04,10274670,93.97,95.4,93.83,316
09/21/2023,91.59,7960552,93.42,93.49,91.481,269
09/22/2023,90.85,9292847,91.58,92.33,90.55,251
09/25/2023,90.6,8291657,90,90.85,89.79,241
09/26/2023,90.17,8060479,90,90.7,89.78,240
09/27/2023,89.42,7631009,90.56,90.7,89.205,237
09/28/2023,89.63,16315560,89.1,89.7814,88.66,227
09/29/2023,95.62,34935390,99.37,99.47,94.62,332
10/02/2023,94.56,12776340,96.2,96.38,93.73,315
10/03/2023,95.09,10964320,94.32,96.05,94.18,324
10/04/2023,95.89,8045393,95.58,96.255,95.12,338
10/05/2023,95.79,7429982,95.79,96.23,95.28,340
10/06/2023,97.11,8532939,95.79,97.71,95.06,336
10/09/2023,96.88,5964219,96.78,97.14,95.92,355
10/10/2023,97.62,8499017,97.25,98.86,97.23,380
10/11/2023,98.65,7642891,98.31,98.95,98.01,398
10/12/2023,99.25,10705170,99.54,100.05,98.52,404
10/13/2023,99.91,8784716,99.585,100.845,99.45,420
10/16/2023,102.04,10845420,99.72,102.58,99.6,422
10/17/2023,103.01,9253760,101.97,103.59,101.97,469
10/18/2023,103.77,8757335,102.97,103.9,102.9264,486
10/19/2023,103.05,8391080,103.77,104.35,102.85,483
10/20/2023,102.67,7823499,103.32,103.77,102.57,480
10/23/2023,102.81,5966147,102.13,103.755,101.77,464
10/24/2023,105.18,9252448,103.66,105.65,103.66,499
10/25/2023,103.54,7054680,104.46,105.035,103.49,497
10/26/2023,100.02,11222560,102.18,102.63,99.95,429
10/27/2023,97.98,9602699,99.78,100.335,97.81,391
10/30/2023,101.8,8206720,99,102.05,99,410
10/31/2023,102.77,6558458,101.4,102.93,101.4,453
11/01/2023,100.88,7272370,102.55,102.67,99.9688,430
11/02/2023,105.08,8135111,102.05,105.55,101.89,467
11/03/2023,107.06,7567959,106.43,107.65,106.05,572
11/06/2023,107.25,5231865,106.96,107.6,106.37,579
11/07/2023,109.36,7745848,107.32,109.36,107.23,601
11/08/2023,109.39,8639736,109.37,110.7,108.9,645
11/09/2023,107,9154218,109.82,109.9,106.92,592
11/10/2023,106.11,8897927,107.34,107.83,105.61,563
11/13/2023,104.2,7055631,105.37,105.72,104.18,516
11/14/2023,105.75,9674819,105.56,107.1,105.38,552
11/15/2023,107.82,11140830,106.82,109.06,106.72,585
11/16/2023,107.61,5386979,107.1,108,107.0001,594
11/17/2023,105.96,6353975,108.06,108.21,105.52,559
11/20/2023,106.32,6198621,106,106.55,105.1,539
11/21/2023,106.55,5803549,106.17,106.7,105.35,551
11/22/2023,107.92,6280910,107.5,108.03,106.82,589
11/24/2023,107.64,2443610,107.5,108,107.4,607
11/27/2023,107.96,5785038,107.66,108.22,106.9,591
11/28/2023,108.75,7287568,108.57,109.9,108.15,627
11/29/2023,110.37,9601810,110.8,112.15,110.145,671
11/30/2023,110.27,8690871,110.53,110.595,108.9649,647
12/01/2023,113.48,8051815,110.33,113.55,109.75,660
12/04/2023,115.15,10086580,113.08,115.32,113,703
12/05/2023,115.41,6959966,114.66,116.04,114.6,722
12/06/2023,116.11,6316960,116,117.14,115.5721,728
12/07/2023,114.81,7294460,114.12,116,114.12,716
12/08/2023,115.91,6122150,114.5,116.29,114.47,719
12/11/2023,118.61,7972751,117.79,119.42,117.43,748
12/12/2023,119.64,7378379,119.68,119.99,118.58,765
12/13/2023,121.17,8182887,119.35,121.44,119.2,774
12/14/2023,121.02,9590510,121.44,122.59,119.82,785
12/15/2023,121.55,13633280,120.93,122.06,120.6,795
12/18/2023,121.14,6874837,121.41,121.84,120.855,799
12/19/2023,122.64,7697272,121.74,123.34,121.64,809
12/20/2023,121.43,9176621,121.13,123.3916,121,801
12/21/2023,122.53,16533350,122.3,123.3,121.3,806
12/22/2023,108.04,46666190,108.26,110.8,107.45,611
12/26/2023,108.02,12846720,108.3,108.69,107.48,612
12/27/2023,107.13,10157850,108.34,108.5898,106.85,590
12/28/2023,108.82,9352902,107.21,109.4,106.81,588
12/29/2023,108.57,7667522,108.96,109.96,108.09,626
01/02/2024,106.55,9326616,107.61,107.85,106.45,581
01/03/2024,104.04,10573740,105.72,107.48,104,512
01/04/2024,102.3,10420580,102.46,103.62,102.3,472
01/05/2024,102.08,8044543,102.46,103.68,101.9,468
01/08/2024,103.62,9414218,102.08,103.685,101.7301,463
01/09/2024,102.74,7759476,103.17,103.4,102.5,479
01/10/2024,103.77,6784662,102.69,103.83,102.37,474
01/11/2024,105.9,9537701,104.22,106.01,103.73,505
01/12/2024,105.06,6680858,106,106.32,104.72,527
01/16/2024,101.72,10547900,103.94,104.2199,101.36,452
01/17/2024,100.82,8226243,101.05,101.31,100.24,439
01/18/2024,100.94,8852439,101,101.425,100.07,432
01/19/2024,101.78,8517208,101.02,102.18,99.67,424
01/22/2024,100.56,9897443,101.75,101.81,100.09,434
01/23/2024,101.9,8208026,101.63,102.14,101.23,450
01/24/2024,100.76,7879315,101.78,101.8,100.69,443
01/25/2024,100.77,10063750,101.53,101.74,100.09,433
01/26/2024,102.75,9735779,101.57,103.27,101.22,449
01/29/2024,103.88,8860834,102.88,104.01,101.34,451
01/30/2024,104.18,7542837,103.34,104.31,103.13,489
01/31/2024,101.53,11547640,104.09,104.3,101.12,447
02/01/2024,101.76,7666694,101.9,102.2494,100.61,442
02/02/2024,100.71,8966927,100.88,101.4099,99.43,418
02/05/2024,99.68,10097940,100.5,100.59,99.0531,415
02/06/2024,102.61,11372410,99.5,102.63,99.13,416
02/07/2024,103.79,9447765,102.39,104.34,102.35,473
02/08/2024,103.77,6330409,104.43,104.96,103.045,488
02/09/2024,104.5,5449022,103.8,104.94,103.33,492
02/12/2024,107.18,7501946,104.74,107.43,104.645,525
02/13/2024,105,6180509,104.99,105.8,104.245,517
02/14/2024,106.33,5743277,104.82,106.42,104.46,521
02/15/2024,106.05,7201273,107.02,107.34,105.83,570
02/16/2024,103.51,14590130,104.63,104.7,101.65,459
02/20/2024,103.3,8759480,103.13,103.84,102.17,471
02/21/2024,105.27,8893514,103.35,105.52,102.93,487
02/22/2024,105.08,6705491,105.8,106.01,104.08,514
02/23/2024,105.63,6947285,105.26,106.62,105.19,545
02/26/2024,104.54,5831480,105.31,106.1,103.76,507
02/27/2024,105.15,5317417,104.83,105.245,103.99,511
02/28/2024,104.35,4219844,104.1,105.44,103.7,504
02/29/2024,103.93,10811630,104.98,105.57,103.68,501
03/01/2024,101.88,7349270,103.87,103.94,101.83,465
03/04/2024,99.54,11050910,101.65,101.77,99.01,411
03/05/2024,98.31,8670642,99,99.17,98,397
03/06/2024,97.63,10045280,100,100.1,97.06,377
03/07/2024,98.19,8133866,97.99,98.4,97.68,386
03/08/2024,99.16,9043458,98.49,99.315,98.02,399
03/11/2024,101.08,8537402,99.9,101.76,99.44,419
03/12/2024,100.18,7040889,100.79,101.365,99.65,423
03/13/2024,101.36,7326384,100.61,102,100.3301,440
03/14/2024,100.26,8350939,102.2,102.49,100.091,435
03/15/2024,99.64,15208540,100.3,101.16,99.34,417
03/18/2024,98.74,7206957,98.98,99.655,98.5203,405
03/19/2024,99.96,6168856,98.5,100.04,98.44,403
03/20/2024,100.27,7771693,99.45,100.44,99.03,413
03/21/2024,100.82,17176010,100.44,101.92,99.76,426
03/22/2024,93.86,41837410,93.845,95.17,91.72,275
03/25/2024,93.75,14548770,94.07,95.52,92.77,294
03/26/2024,92.58,10816950,93.74,93.86,92.41,284
03/27/2024,94.13,11095680,93.27,94.15,92.32,282
03/28/2024,93.98,11331680,94.37,94.8142,93.43,305
04/01/2024,92.56,10360010,93.81,93.92,91.691,274
04/02/2024,90.95,11107330,91.76,91.9,90.635,253
04/03/2024,90.33,8876598,91.01,91.44,90.28,249
04/04/2024,89.07,12110260,90.95,91.05,88.89,233
04/05/2024,88.84,9716682,89.15,90.25,88.8,231
04/08/2024,90,8452543,89.11,90.26,88.8,232
04/09/2024,91,7194564,90,91.16,89.87,243
04/10/2024,89,7932933,89.9,90.1,88.77,230
04/11/2024,92,15330200,91.23,92.41,90.83,256
04/12/2024,92,10905920,92.01,92.87,91.12,262
04/15/2024,93.1,11597330,93.59,93.92,92.54,287
04/16/2024,93.39,10388150,93.04,94.19,91.65,273
04/17/2024,94.84,10181180,94.61,95.07,93.66,310
04/18/2024,95.74,10062900,95.16,95.88,94.53,331
04/19/2024,94.53,11241900,95.42,96.22,94.49,328
04/22/2024,94.19,8641953,94.63,95.06,93.85,317
04/23/2024,94.02,6582696,94.37,94.72,93.91,318
04/24/2024,94.64,6493208,94.1,95.1909,94.1,323
04/25/2024,93.94,5317852,94,94.7891,92.44,285
04/26/2024,94.12,6115744,94.59,95.4174,93.91,319
04/29/2024,94.06,5034546,94.44,94.89,93.7,311
04/30/2024,92.26,6493259,92.91,93.51,92.25,281
05/01/2024,90.34,9784643,91.81,91.87,90.09,246
05/02/2024,92.41,7333343,91.33,92.45,90.91,261
05/03/2024,92.15,5736711,93.09,93.65,91.87,276
05/06/2024,93.36,6696303,92.81,93.37,92.48,286
05/07/2024,93.78,7113455,94.08,94.315,93.21,300
05/08/2024,93.59,5372900,93.12,93.64,92.73,293
05/09/2024,93.39,6429824,93.64,93.98,93.01,298
05/10/2024,90.94,10548410,93.07,93.135,90.88,260
05/13/2024,92.72,8792060,91.27,92.77,91.15,264
05/14/2024,92.79,7810983,92.99,94.34,92.6,288
05/15/2024,91.67,15614450,92.29,92.62,90.85,259
05/16/2024,91.77,12711680,91.69,92.84,91.53,271
05/17/2024,92.18,12019570,92.01,92.29,91.34,265
05/20/2024,91.77,9701510,92.25,92.7,90.83,257
05/21/2024,92.82,7809654,91.57,92.85,91.45,268
05/22/2024,92.5,7611906,91.95,92.76,91.65,272
05/23/2024,91.4,7729024,92.45,92.58,91.15,263
05/24/2024,91.75,6937118,91.77,92.2001,91.49,270
05/28/2024,92,10834960,91.74,92.515,91.35,266
05/29/2024,91.67,7237340,91.68,92.72,91.38,267
05/30/2024,93.45,9310016,92.23,93.875,91.96,278
05/31/2024,95.05,12565600,93.5,95.07,92.97,296
06/03/2024,94.4,9668106,94.52,95.25,94.05,322
06/04/2024,94.74,7838435,94.29,95.11,93.41,304
06/05/2024,94.32,7463299,95.315,95.32,93.7,312
06/06/2024,95.72,9760077,94.86,96.795,93.99,321
06/07/2024,96.55,9397364,95.39,97.94,95.3,343
06/10/2024,96,7035626,95.73,96.99,95.5953,347
06/11/2024,95.87,7301545,95.52,95.995,94.52,330
06/12/2024,93.68,9861264,96.35,96.5,93.5,307
06/13/2024,94.18,8348214,94.04,94.53,93.72,314
06/14/2024,93.39,7426757,93.8,94.78,93.3002,301
06/17/2024,95,6365370,92.01,95.12,92.01,280
06/18/2024,94.78,6712037,94.67,95.26,94.21,325
06/20/2024,95.57,9393767,93.88,96.09,93.5216,308
06/21/2024,97.18,15569880,95.96,97.209,95.42,345
06/24/2024,97.17,9466888,97.3,98.04,96.68,370
06/25/2024,94.75,9036181,97.31,97.64,94.5,329
06/26/2024,94.06,10160430,94.09,94.48,93.15,299
06/27/2024,94.19,25772730,93.77,94.74,93.39,303
06/28/2024,75.37,129967000,77.13,79.05,74.55,69
07/01/2024,76.83,44369010,75.5,77.06,74.29,64
07/02/2024,76.04,26183350,76.82,76.94,75.39,79
07/03/2024,75.24,15952010,75.5,75.92,75.0199,73
07/05/2024,75.43,19603690,75.36,76.09,74.78,70
07/08/2024,73.05,29905040,75.41,75.49,73,43
07/09/2024,72.46,23502450,73.3,74.14,72.38,39
07/10/2024,72.54,21378210,72.26,72.64,71.67,27
07/11/2024,73.39,15876670,72.7,73.75,72.29,35
07/12/2024,73.42,14527520,73.57,74.05,73.172,49
07/15/2024,71.31,20775810,73,73.006,71.24,22
07/16/2024,72.81,20980670,71.51,72.96,71.51,23
07/17/2024,73.07,11161560,72.53,73.34,72.5,40
07/18/2024,72.38,14440130,72.97,73.93,72.35,37
07/19/2024,72.7,11913320,72.3,72.82,71.8516,29
07/22/2024,74.86,19385490,73.12,75.34,73.0703,48
07/23/2024,73.4,11041790,74.63,75.04,73.24,52
07/24/2024,71.09,18563320,73.25,73.39,71.08,19
07/25/2024,71.41,13855390,71.53,72.43,70.91,17
07/26/2024,72.56,8891986,72,72.78,71.87,30
07/29/2024,73.55,10471840,72.5,73.8699,72.2,34
07/30/2024,74.32,8515720,73.69,74.49,73.455,58
07/31/2024,74.86,14632940,74.5,75.43,73.92,60
08/01/2024,73.85,9563543,74.7,74.79,73.26,55
08/02/2024,74.01,11526630,72.83,74.125,71.92,31
08/05/2024,71.42,13191530,71.06,72.62,70.7502,13
08/06/2024,72.5,13469720,71.66,73.24,71.51,24
08/07/2024,72.62,9571247,72.88,74.2119,72.525,41
08/08/2024,74.19,8828032,73.23,74.21,73.045,47
08/09/2024,74.34,7186634,74.12,74.58,73.366,56
08/12/2024,74.64,7067256,74.71,75,74.0504,61
08/13/2024,78.5,22114820,75.25,79.05,75.07,74
08/14/2024,78.52,13612960,78,79.09,77.42,112
08/15/2024,82.5,23583640,82.1,83.06,80.67,144
08/16/2024,83.23,13794180,82.88,83.94,82.44,165
08/19/2024,83.28,9627253,83.23,83.99,82.92,171
08/20/2024,83.56,7863052,83.49,83.9,82.77,168
08/21/2024,84,6915865,83.67,84.24,83.22,174
08/22/2024,83.41,8485455,84.45,84.68,83.21,172
08/23/2024,84.05,9219749,83.34,84.24,83.22,173
08/26/2024,84.28,7853325,83.47,84.505,83.38,175
08/27/2024,85.29,14953990,84.07,85.39,83.61,177
08/28/2024,82.79,11088620,85.05,85.43,81.88,156
08/29/2024,83.26,7477205,83.45,83.89,82.86,169
08/30/2024,83.32,13755270,83.6,83.88,82.05,159
09/03/2024,81.32,10133710,82.71,82.94,81.01,147
09/04/2024,81.02,12837370,80.1,81.09,79.67,134
09/05/2024,80.83,7596293,81.13,81.2404,80.21,140
09/06/2024,80.63,8512173,80.88,81.88,80.35,142
09/09/2024,79.49,8003349,80.75,81.58,79.015,131
09/10/2024,78.09,9748356,79.56,79.56,77.55,115
09/11/2024,78.4,8265542,78,78.59,76.7421,100
09/12/2024,78.4,7186114,78.23,79.065,77.53,114
09/13/2024,79.01,5814152,78.3,79.49,78.11,123
09/16/2024,79.8,9547660,79.33,79.99,78.6895,128
09/17/2024,80.64,7580602,80.01,80.98,79.86,136
09/18/2024,80.9,7637007,80.66,81.755,80.23,141
09/19/2024,80.98,15067070,82.6,83.12,80.47,143
09/20/2024,86.52,52039260,87.87,88,84.805,185
09/23/2024,86.2,17712400,85.4,86.53,85.05,188
09/24/2024,87.46,21123260,87.44,88.28,86.655,203
09/25/2024,88,12392850,87.85,88.095,87.24,208
09/26/2024,89.39,13592810,89.92,90.62,89.05,234
09/27/2024,89.44,9181004,89.45,90.26,89.21,238
09/30/2024,88.4,12036390,89.7,89.75,87.725,217
10/01/2024,89.13,20623380,88,89.635,87.71,216
10/02/2024,83.1,33208790,82.885,85.23,81.77,155
10/03/2024,82.1,18143750,82.4,83.78,81.98,157
10/04/2024,82.25,10342360,82.63,83.54,82.1,162
10/07/2024,80.83,12767400,82.14,82.47,80.09,139
10/08/2024,80.77,10569620,80.75,81.42,79.93,137
10/09/2024,82.45,11750640,81.14,82.925,81.07,149
10/10/2024,82.1,8370188,83.4,83.45,82.03,158
10/11/2024,82.15,10171110,82.04,82.27,81.18,150
10/14/2024,81.6,8177686,82,82.04,80.8,145
10/15/2024,82.12,11804390,81.05,82.72,81.05,148
10/16/2024,83.94,11220590,82.14,84.09,82.05,160
10/17/2024,83.4,9204490,84.11,84.762,83.38,176
10/18/2024,82.92,7214787,83.78,83.95,82.63,167
10/21/2024,81.48,7550197,82.85,83.09,81.44,153
10/22/2024,81.42,7308823,81.35,82.42,81.23,152
10/23/2024,80.05,7253085,81,81.0375,79.791,135
10/24/2024,79.04,7424459,80.5,80.8,79.03,132
10/25/2024,78.85,9385379,79.22,79.58,78.5201,126
10/28/2024,78.91,6617243,79.32,79.64,78.82,129
10/29/2024,78.4,7241111,78.88,79.47,78.2,124
10/30/2024,76.45,15691330,78,78.11,76.42,94
10/31/2024,77.13,13990090,76.2,77.34,75.2,76
11/01/2024,78.06,9623692,77.05,78.13,76.96,105
11/04/2024,77.19,6593781,77.99,78.55,77.115,108
11/05/2024,77.98,5629199,77.25,78,77,106
11/06/2024,75.32,16193700,76.87,76.95,75.12,75
11/07/2024,75.92,11831060,75.7,76.37,75.21,77
11/08/2024,75.88,8140788,75.5,76.555,75.25,78
11/11/2024,76.6,9877188,76.15,77.4,76.1,88
11/12/2024,76.66,9013905,76.46,77.43,76.14,89
11/13/2024,76.52,6835348,76.91,77.29,76.47,96
11/14/2024,75.68,6991574,76.68,76.98,75.67,81
11/15/2024,76.66,13584940,76,77.65,75.61,80
11/18/2024,74.89,12609190,76.16,76.2,74.25,63
11/19/2024,73.91,12028440,74.5,74.73,73.6,59
11/20/2024,73.36,12290320,73.66,73.84,72.71,42
11/21/2024,75.1,12818640,73.36,75.56,73.2,50
11/22/2024,77.4,12248580,76.125,77.5,75.83,84
11/25/2024,79.26,18328920,78.5,79.8599,78.41,125
11/26/2024,77.61,9495649,78.9,78.9,77.573,116
11/27/2024,78.34,8713504,77.61,79.045,77.59,117
11/29/2024,78.77,7123471,78.2,79.18,78.03,121
12/02/2024,79.09,11221030,77.915,79.1,77.2,110
12/03/2024,78.86,9414505,79,79.4,77.6101,118
12/04/2024,78.37,15042590,77.82,78.51,77.1,107
12/05/2024,78.58,8316548,78.26,78.9,78.1,122
12/06/2024,78.89,13931060,79.22,81.18,78.84,130
12/09/2024,77.64,12043380,79.44,79.45,77.52,113
12/10/2024,76.74,12193110,77.5,78.0795,76.62,98
12/11/2024,78.85,12033170,76.79,78.98,76.31,91
12/12/2024,77.96,6983241,78.71,79.37,77.855,119
12/13/2024,77.25,8037339,77.35,77.83,76.765,102
12/16/2024,77.2,13034010,76.76,79.02,76.66,99
12/17/2024,78,12452420,77.36,78.77,77.25,111
12/18/2024,76.9,14376890,77.98,79,76.84,103
12/19/2024,77.1,27067580,76.94,77.94,76.43,95
12/20/2024,76.94,49883420,75.96,78,74.8587,72
12/23/2024,76.76,14203770,76.325,78.4057,75.74,82
12/24/2024,76.79,4919075,76.75,77.1099,76.36,93
12/26/2024,76.94,6367057,76.6,77.46,76.54,97
12/27/2024,76.42,6334415,76.52,76.93,75.8,83
12/30/2024,74.65,9042879,75.6,75.77,74.55,68
12/31/2024,75.67,9425602,74.9,76.385,74.78,71
01/02/2025,73.67,10883420,76.25,76.69,73.24,53
01/03/2025,73.31,10083480,73.92,74.19,73.01,45
01/06/2025,72,14947260,73.75,74.32,71.97,32
01/07/2025,72.09,10463510,72.4,73.44,71.98,33
01/08/2025,71.29,11854970,71.56,71.82,71.01,18
01/10/2025,71.2,15677380,71.85,72.39,71.09,20
01/13/2025,72.08,14584310,71.17,72.6,70.78,14
01/14/2025,71.17,16732890,72.07,72.2101,70.53,12
01/15/2025,71.07,13468080,71.99,72.25,70.84,16
01/16/2025,71.11,13694630,70.9,71.23,70.315,9
01/17/2025,70.84,9711265,71.43,71.52,70.84,15
01/21/2025,73.17,14199940,71.3,73.27,71.14,21
01/22/2025,74.04,13029270,73.375,74.7,73.01,46
01/23/2025,74.29,10677450,73.34,74.5,72.37,38
01/24/2025,73.57,8106651,74.07,74.25,73.25,54
01/27/2025,75.58,11665380,73.44,75.85,73.42,57
01/28/2025,74.39,8694418,75.325,75.6,74.16,62
01/29/2025,76.58,11764840,74.45,77.115,74.32,65
01/30/2025,78.33,10902070,76.85,78.77,76.85,104
01/31/2025,76.9,13105920,78.11,78.8644,76.76,101
02/03/2025,76.59,18539220,74.9,76.69,73.22,51
02/04/2025,76.72,11943730,77.55,78.16,76.04,86
02/05/2025,74.57,9807401,76.3,76.7888,74.4,66
02/06/2025,71.74,16059370,75.24,75.4,71.63,26
02/07/2025,68.68,27428700,70.555,70.81,68.62,7
02/10/2025,70.94,16201330,69.36,70.95,69.12,8
02/11/2025,71.34,9636623,70.57,71.99,70.51,11
02/12/2025,72.26,10810860,70.6,72.45,70.33,10
02/13/2025,73.21,9739567,72.45,73.6,71.63,25
02/14/2025,73.04,9254379,73.17,73.5,72.34,36
02/18/2025,77.59,28252380,74.5,77.68,74.5,67
02/19/2025,76.78,14184100,76.82,77.68,76.09,87
02/20/2025,77.23,10689580,76.91,77.27,76.34,92
02/21/2025,76.5,12823390,77.4,77.99,75.86,85
